0 0.0897435897436 0.0464285714286 0.162393162393 0.142857142857
0 0.478632478632 0.0428571428571 0.559829059829 0.157142857143
0 0.811965811966 0.0607142857143 0.905982905983 0.160714285714
0 0.277777777778 0.275 0.358974358974 0.421428571429
0 0.649572649573 0.282142857143 0.74358974359 0.410714285714
0 0.0940170940171 0.535714285714 0.17094017094 0.628571428571
0 0.478632478632 0.525 0.559829059829 0.632142857143
0 0.846153846154 0.492857142857 0.92735042735 0.621428571429
0 0.286324786325 0.742857142857 0.358974358974 0.853571428571
0 0.65811965812 0.75 0.773504273504 0.842857142857
