0 0.235897435897 0.646428571429 0.287179487179 0.814285714286
0 0.523076923077 0.678571428571 0.589743589744 0.814285714286
0 0.933333333333 0.692857142857 0.989743589744 0.807142857143
0 0.630769230769 0.678571428571 0.669230769231 0.760714285714
0 0.330769230769 0.675 0.374358974359 0.767857142857
0 0.0538461538462 0.585714285714 0.0974358974359 0.682142857143
0 0.00769230769231 0.478571428571 0.0487179487179 0.560714285714
0 0.420512820513 0.514285714286 0.471794871795 0.610714285714
0 0.651282051282 0.55 0.689743589744 0.639285714286
0 0.905128205128 0.578571428571 0.933333333333 0.657142857143
0 0.692307692308 0.453571428571 0.723076923077 0.521428571429
0 0.353846153846 0.467857142857 0.4 0.557142857143