0 0.270893371758 0.667857142857 0.299711815562 0.728571428571
0 0.121037463977 0.621428571429 0.175792507205 0.7
0 0.233429394813 0.542857142857 0.273775216138 0.603571428571
0 0.14121037464 0.782142857143 0.193083573487 0.853571428571
0 0.112391930836 0.4 0.138328530259 0.453571428571
0 0.328530259366 0.425 0.371757925072 0.475
0 0.708933717579 0.357142857143 0.757925072046 0.421428571429
0 0.227665706052 0.335714285714 0.270893371758 0.392857142857
0 0.36023054755 0.271428571429 0.394812680115 0.307142857143
0 0.129682997118 0.317857142857 0.158501440922 0.389285714286
0 0.657060518732 0.207142857143 0.697406340058 0.271428571429
0 0.936599423631 0.217857142857 0.971181556196 0.282142857143
0 0.78674351585 0.235714285714 0.824207492795 0.275
0 0.691642651297 0.260714285714 0.740634005764 0.342857142857
0 0.466858789625 0.225 0.515850144092 0.303571428571
0 0.00576368876081 0.332142857143 0.0345821325648 0.378571428571
0 0.175792507205 0.242857142857 0.204610951009 0.289285714286
0 0.0806916426513 0.217857142857 0.112391930836 0.257142857143
0 0.0951008645533 0.142857142857 0.132564841499 0.196428571429
0 0.302593659942 0.171428571429 0.331412103746 0.214285714286
0 0.512968299712 0.0821428571429 0.547550432277 0.146428571429
0 0.757925072046 0.192857142857 0.78674351585 0.246428571429
0 0.896253602305 0.128571428571 0.92507204611 0.185714285714
0 0.936599423631 0.0785714285714 0.971181556196 0.135714285714
0 0.835734870317 0.0464285714286 0.876080691643 0.0785714285714
0 0.305475504323 0.0642857142857 0.334293948127 0.121428571429
