0 0.115273775216 0.653571428571 0.158501440922 0.728571428571
0 0.224783861671 0.407142857143 0.262247838617 0.460714285714
0 0.138328530259 0.285714285714 0.181556195965 0.360714285714
0 0.412103746398 0.303571428571 0.458213256484 0.367857142857
0 0.703170028818 0.0357142857143 0.737752161383 0.0821428571429
0 0.452449567723 0.110714285714 0.49855907781 0.171428571429
0 0.400576368876 0.00357142857143 0.438040345821 0.0714285714286
0 0.28242074928 0.0928571428571 0.328530259366 0.146428571429
0 0.250720461095 0.246428571429 0.28818443804 0.307142857143
0 0.135446685879 0.164285714286 0.184438040346 0.210714285714
0 0.0461095100865 0.125 0.0806916426513 0.171428571429
0 0.161383285303 0.0428571428571 0.21325648415 0.110714285714
0 0.0259365994236 0.0714285714286 0.0605187319885 0.121428571429
