0 0.0487179487179 0.589285714286 0.115384615385 0.660714285714
0 0.0794871794872 0.760714285714 0.138461538462 0.846428571429
0 0.228205128205 0.775 0.3 0.85
0 0.374358974359 0.782142857143 0.397435897436 0.85
0 0.515384615385 0.789285714286 0.55641025641 0.853571428571
0 0.648717948718 0.760714285714 0.694871794872 0.846428571429
0 0.817948717949 0.785714285714 0.871794871795 0.871428571429
0 0.884615384615 0.521428571429 0.951282051282 0.639285714286
0 0.741025641026 0.55 0.787179487179 0.646428571429
0 0.558974358974 0.55 0.607692307692 0.639285714286
0 0.410256410256 0.567857142857 0.448717948718 0.628571428571
0 0.212820512821 0.567857142857 0.246153846154 0.642857142857
0 0.0307692307692 0.392857142857 0.0871794871795 0.467857142857
0 0.220512820513 0.385714285714 0.269230769231 0.471428571429
0 0.384615384615 0.375 0.433333333333 0.475
0 0.576923076923 0.360714285714 0.610256410256 0.453571428571
0 0.715384615385 0.364285714286 0.766666666667 0.457142857143
0 0.889743589744 0.382142857143 0.974358974359 0.471428571429
0 0.85641025641 0.2 0.889743589744 0.275
0 0.707692307692 0.175 0.746153846154 0.257142857143
0 0.523076923077 0.189285714286 0.579487179487 0.275
0 0.376923076923 0.228571428571 0.446153846154 0.275
0 0.107692307692 0.217857142857 0.166666666667 0.264285714286
0 0.0358974358974 0.0321428571429 0.074358974359 0.0928571428571
0 0.189743589744 0.00357142857143 0.217948717949 0.0821428571429
0 0.346153846154 0.0392857142857 0.387179487179 0.1
0 0.512820512821 0.0392857142857 0.546153846154 0.1
0 0.661538461538 0.0464285714286 0.733333333333 0.110714285714
0 0.925641025641 0.0642857142857 0.969230769231 0.125