0 0.0821256038647 0.0857142857143 0.144927536232 0.153571428571
0 0.415458937198 0.0785714285714 0.507246376812 0.167857142857
0 0.782608695652 0.075 0.884057971014 0.146428571429
0 0.24154589372 0.267857142857 0.309178743961 0.35
0 0.628019323671 0.246428571429 0.671497584541 0.346428571429
0 0.0724637681159 0.432142857143 0.144927536232 0.610714285714
0 0.425120772947 0.417857142857 0.497584541063 0.617857142857
0 0.608695652174 0.417857142857 0.685990338164 0.603571428571
0 0.0676328502415 0.703571428571 0.144927536232 0.857142857143
0 0.415458937198 0.721428571429 0.502415458937 0.875
0 0.811594202899 0.664285714286 0.811594202899 0.675
