52
94 187 104 204
97 225 112 236
42 174 61 196
52 150 67 169
81 152 95 169
8 165 25 191
49 219 67 239
70 137 82 154
39 112 48 127
72 119 84 136
114 119 129 133
165 115 178 131
246 100 263 118
289 93 302 109
79 94 94 110
112 94 126 110
125 76 137 86
97 65 110 86
45 89 55 109
22 140 36 154
228 58 242 76
319 53 328 69
325 61 337 79
299 54 314 66
273 66 286 77
281 73 295 88
240 73 257 96
159 89 175 111
162 63 179 85
133 56 147 70
2 93 12 106
15 91 23 105
61 68 71 81
24 68 38 80
28 61 39 72
28 50 37 62
33 40 46 55
65 50 79 64
105 48 115 60
132 34 141 56
178 23 190 41
163 37 173 52
263 54 273 69
271 38 286 59
311 36 321 52
301 28 316 41
325 22 337 38
340 26 345 38
290 13 304 22
312 11 324 26
106 18 116 34
103 37 116 48
