57
19 165 45 185
12 221 29 237
31 213 54 237
61 211 86 240
89 217 117 238
122 218 137 236
146 219 155 238
168 219 193 237
201 221 217 239
235 221 259 240
253 213 271 237
289 225 312 241
319 220 340 244
356 220 379 242
345 146 371 179
301 159 333 183
289 154 307 181
248 159 269 180
218 154 237 179
191 166 209 188
160 159 175 176
123 154 142 179
83 159 96 180
59 163 77 185
12 110 34 131
52 117 72 129
86 108 105 132
116 111 127 132
150 105 169 133
198 100 218 130
225 101 238 127
257 109 270 128
279 102 299 128
321 118 337 139
347 107 380 132
358 56 370 76
334 56 347 77
307 54 324 75
276 49 291 72
241 61 257 76
204 53 226 77
175 50 192 72
147 64 174 77
78 49 97 74
42 61 65 74
13 47 28 76
14 9 29 26
49 4 64 26
74 1 85 23
99 5 118 28
135 11 151 28
159 10 177 27
200 11 213 28
237 15 255 28
258 13 286 31
321 14 345 32
361 18 378 35
